Epoch:10  Net1:0.9661479002035958  Net2:0.9692897609506702
Epoch:11  Net1:0.9770293173704518  Net2:0.9783018184452655
