Epoch:10  Net1:0.9943219484075515  Net2:0.9940843845150065
Epoch:11  Net1:0.9944422389837237  Net2:0.9942548350398179
Epoch:12  Net1:0.9930876876199075  Net2:0.9923462209465924
