Epoch:10  Net1:0.8951460181401375  Net2:0.8993248312078019
Epoch:11  Net1:0.8671711341969134  Net2:0.8801102026306434
